example/observations/TRAPPIST_1_b_NIRISS_SOSS/Visit1_Order1And2.spec
# %ECSV 1.0
# ---
# datatype:
# - {name: instrname, datatype: string, subtype: json}
# - {name: reference, datatype: string}
# - {name: bandpass, datatype: string}
# - {name: iwave, datatype: int64}
# - {name: wave, unit: um, datatype: float64}
# - {name: waveMin, unit: um, datatype: float64}
# - {name: waveMax, unit: um, datatype: float64}
# - {name: xMin, datatype: float64}
# - {name: xMax, datatype: float64}
# - {name: yval, unit: ppm, datatype: float64}
# - {name: yerrLow, unit: ppm, datatype: float64}
# - {name: yerrUpp, unit: ppm, datatype: float64}
# - {name: wlcLow, datatype: float64}
# - {name: wlcUpp, datatype: float64}
# - {name: ignore, datatype: int64}
# - {name: referenceLink, datatype: string}
# delimiter: ','
# meta: !!omap
# - {waveunit: null}
# - {name: null}
# - {label: null}
# - {spectype: dppm}
# - {ylabel: 'Transit Depth [ppm]'}
# schema: astropy-2.0
instrname,reference,bandpass,iwave,wave,waveMin,waveMax,xMin,xMax,yval,yerrLow,yerrUpp,wlcLow,wlcUpp,ignore,referenceLink
null,,uniform,0,0.0008867740485722528,0.0008518346303560693,0.000921713466788436,0.0,0.0,7456.620644347273,255.43271708499196,274.8221557178722,0.0,0.0,0,none
null,,uniform,1,0.0009412618201860499,0.000921713466788436,0.0009608101735836635,0.0,0.0,6943.089220046148,243.41617583608604,255.6248331457664,0.0,0.0,0,none
null,,uniform,2,0.0009810000450280862,0.0009608101735836635,0.0010011899164725088,0.0,0.0,7030.705400317784,197.62277027680466,203.18170627604377,0.0,0.0,0,none
null,,uniform,3,0.001020622080068586,0.0010011899164725088,0.0010400542436646632,0.0,0.0,7101.282187724576,183.24489119144982,192.5131668842596,0.0,0.0,0,none
null,,uniform,4,0.001060095641567595,0.0010400542436646632,0.001080137039470527,0.0,0.0,7434.222677981529,149.5502889840718,153.12411621258343,0.0,0.0,0,none
null,,uniform,5,0.0011003124502790892,0.001080137039470527,0.001120487861087651,0.0,0.0,7490.064446118187,137.23003320759744,139.14610357116544,0.0,0.0,0,none
null,,uniform,6,0.0011403107098848621,0.001120487861087651,0.0011601335586820733,0.0,0.0,7270.253755476824,153.31414954220418,158.94668063636618,0.0,0.0,0,none
null,,uniform,7,0.001180060150756473,0.0011601335586820733,0.0011999867428308729,0.0,0.0,7400.347605922645,118.36015814568691,121.90858816269247,0.0,0.0,0,none
null,,uniform,8,0.0012200065667463626,0.0011999867428308729,0.0012400263906618527,0.0,0.0,7412.327632669426,147.2767707758785,156.3085290624649,0.0,0.0,0,none
null,,uniform,9,0.0012596502465464273,0.0012400263906618527,0.0012792741024310024,0.0,0.0,7595.2344855306155,109.2005643034845,98.2295995956274,0.0,0.0,0,none
null,,uniform,10,0.0012994505945361032,0.0012792741024310024,0.0013196270866412038,0.0,0.0,7341.183133195787,110.31606327603731,118.9414638245562,0.0,0.0,0,none
null,,uniform,11,0.0013389051067131208,0.0013196270866412038,0.0013581831267850378,0.0,0.0,7432.983904391796,129.35542046895716,112.00495879474511,0.0,0.0,0,none
null,,uniform,12,0.0013784834265511134,0.0013581831267850378,0.0013987837263171893,0.0,0.0,7530.36610681892,137.33814322684975,126.04832601771068,0.0,0.0,0,none
null,,uniform,13,0.0014186521042782625,0.0013987837263171893,0.0014385204822393357,0.0,0.0,7489.493563702009,127.00912796657394,120.97732986380379,0.0,0.0,0,none
null,,uniform,14,0.0014584340207895899,0.0014385204822393357,0.0014783475593398436,0.0,0.0,7610.199718681626,153.26219413298804,140.64883506529532,0.0,0.0,0,none
null,,uniform,15,0.001498301228889331,0.0014783475593398436,0.0015182548984388185,0.0,0.0,7363.085462418256,214.60369517525305,180.14267785361426,0.0,0.0,0,none
null,,uniform,16,0.0015377562582408876,0.0015182548984388185,0.001557257618042957,0.0,0.0,7512.83776961065,133.1740496873408,133.9739142533308,0.0,0.0,0,none
null,,uniform,17,0.0015772777950192759,0.001557257618042957,0.0015972979719955948,0.0,0.0,7315.718000732459,147.31334134712233,143.09356793264124,0.0,0.0,0,none
null,,uniform,18,0.0016173462766688814,0.0015972979719955948,0.0016373945813421675,0.0,0.0,7377.73846506778,145.77658907027399,134.88159244359304,0.0,0.0,0,none
null,,uniform,19,0.001656977993896159,0.0016373945813421675,0.0016765614064501505,0.0,0.0,7579.704230210212,162.67914528117308,151.705753620392,0.0,0.0,0,none
null,,uniform,20,0.0016966563830553222,0.0016765614064501505,0.0017167513596604944,0.0,0.0,7278.876567379953,163.1580811735439,159.4322250626692,0.0,0.0,0,none
null,,uniform,21,0.0017368661875173043,0.0017167513596604944,0.0017569810153741144,0.0,0.0,7115.416573250654,187.4888507629148,178.88407846064092,0.0,0.0,0,none
null,,uniform,22,0.00177662236069012,0.0017569810153741144,0.0017962637060061253,0.0,0.0,7131.091224280053,220.6462048439098,184.13308379533828,0.0,0.0,0,none
null,,uniform,23,0.001816411860471476,0.0017962637060061253,0.0018365600149368268,0.0,0.0,7345.017429265237,229.18880687454111,242.786155674351,0.0,0.0,0,none
null,,uniform,24,0.0018562306661064946,0.0018365600149368268,0.0018759013172761623,0.0,0.0,7231.732521971823,320.7638048823592,274.9675176064211,0.0,0.0,0,none
null,,uniform,25,0.001895584464224099,0.0018759013172761623,0.0019152676111720355,0.0,0.0,7344.730180834427,239.1208173917039,228.93738385467623,0.0,0.0,0,none
null,,uniform,26,0.0019354547007366545,0.0019152676111720355,0.0019556417903012734,0.0,0.0,7073.860538817857,169.06635137215835,175.92699485370213,0.0,0.0,0,none
null,,uniform,27,0.0019753471661638523,0.0019556417903012734,0.0019950525420264313,0.0,0.0,7117.404514167182,253.3063015795815,240.54645057266225,0.0,0.0,0,none
null,,uniform,28,0.002015260657345283,0.0019950525420264313,0.002035468772664134,0.0,0.0,7171.572551483186,230.57995158847461,226.44284166417037,0.0,0.0,0,none
null,,uniform,29,0.0020551931809061523,0.002035468772664134,0.0020749175891481707,0.0,0.0,6903.776253695303,213.4318319359636,202.47197573058293,0.0,0.0,0,none
null,,uniform,30,0.0020946504584030494,0.0020749175891481707,0.002114383327657928,0.0,0.0,7383.2434969373635,216.60050138874158,218.13865465556228,0.0,0.0,0,none
null,,uniform,31,0.002134617731373077,0.002114383327657928,0.002154852135088225,0.0,0.0,7060.739920728939,245.22116726475633,238.20719678434307,0.0,0.0,0,none
null,,uniform,32,0.0021746005021616695,0.002154852135088225,0.0021943488692351136,0.0,0.0,7122.198378608542,231.96317164002085,234.76493200829646,0.0,0.0,0,none
null,,uniform,33,0.002214104111705267,0.0021943488692351136,0.0022338593541754216,0.0,0.0,7072.086537968709,193.00389176525823,204.67459421996227,0.0,0.0,0,none
null,,uniform,34,0.0022536209382150547,0.0022338593541754216,0.0022733825222546874,0.0,0.0,7089.8331966320675,212.7280634629733,201.65085194904896,0.0,0.0,0,none
null,,uniform,35,0.002293644123036384,0.0022733825222546874,0.0023139057238180808,0.0,0.0,7028.962616667486,278.43356926526394,263.5670104676383,0.0,0.0,0,none
null,,uniform,36,0.002333678313677124,0.0023139057238180808,0.0023534509035361664,0.0,0.0,7020.714425591554,242.20514099257161,239.2212960838251,0.0,0.0,0,none
null,,uniform,37,0.0023732278664321794,0.0023534509035361664,0.0023930048293281927,0.0,0.0,7105.6441118199045,230.5765057000508,245.81258488360345,0.0,0.0,0,none
null,,uniform,38,0.0024132798737974237,0.0023930048293281927,0.0024335549182666542,0.0,0.0,7252.117566416681,268.10804847427426,271.6595964204389,0.0,0.0,0,none
null,,uniform,39,0.002453338024797481,0.0024335549182666542,0.002473121131328308,0.0,0.0,7221.9026231291655,268.68831498048985,281.84826586988675,0.0,0.0,0,none
null,,uniform,40,0.0024929056480660692,0.002473121131328308,0.0025126901648038313,0.0,0.0,7107.529508727887,285.9775497837427,286.66251561423906,0.0,0.0,0,none
null,,uniform,41,0.0025324747962793123,0.0025126901648038313,0.0025522594277547933,0.0,0.0,7050.991535750317,323.63582027123175,335.16042111294246,0.0,0.0,0,none
null,,uniform,42,0.00257253723831343,0.0025522594277547933,0.002592815048872067,0.0,0.0,7052.386593964839,366.3205669671179,366.1439457752449,0.0,0.0,0,none
null,,uniform,43,0.0026121006948605485,0.002592815048872067,0.0026313863408490303,0.0,0.0,7413.838841651899,365.68579532798685,350.0054700123983,0.0,0.0,0,none
null,,uniform,44,0.0026516558479062137,0.0026313863408490303,0.002671925354963397,0.0,0.0,7566.581136408411,360.40838557803454,359.7097122786636,0.0,0.0,0,none
null,,uniform,45,0.002691693200889917,0.002671925354963397,0.0027114610468164367,0.0,0.0,7836.1472753782455,380.6446051791045,402.9213677865264,0.0,0.0,0,none
null,,uniform,46,0.0027312192438293747,0.0027114610468164367,0.0027509774408423122,0.0,0.0,6609.347522201948,368.1644718212028,357.666572891796,0.0,0.0,0,none
null,,uniform,47,0.0027712167327005556,0.0027509774408423122,0.0027914560245587998,0.0,0.0,7113.183852675329,388.51278714785076,371.2382813127624,0.0,0.0,0,none
null,,uniform,48,0.0028101999622885034,0.0027914560245587998,0.002828943900018207,0.0,0.0,7476.310375811875,482.22426240751247,498.228676937767,0.0,0.0,0,none
null,,uniform,49,0.0007099729286149993,0.0006001743566903521,0.0008197715005396466,0.0,0.0,7160.084461483082,429.13136347897944,447.82594939120645,0.0,0.0,0,none
